1.000000e+05 4.779126e+00
1.047371e+05 2.216591e+00
1.096986e+05 3.404423e+00
1.148951e+05 5.870352e+00
1.203378e+05 8.717998e+00
1.260383e+05 8.637125e+00
1.320088e+05 1.072920e+01
1.382622e+05 1.101519e+01
1.448118e+05 9.924542e+00
1.516717e+05 1.235135e+01
1.588565e+05 1.472191e+01
1.663817e+05 1.478922e+01
1.742633e+05 1.264536e+01
1.825183e+05 1.446331e+01
1.911644e+05 1.410246e+01
2.002200e+05 1.972001e+01
2.097046e+05 1.987392e+01
2.196385e+05 1.908676e+01
2.300430e+05 2.226017e+01
2.409404e+05 2.104321e+01
2.523539e+05 2.404927e+01
2.643081e+05 2.578965e+01
2.768287e+05 2.547585e+01
2.899423e+05 2.324076e+01
3.036771e+05 2.719066e+01
3.180626e+05 2.839597e+01
3.331295e+05 2.951277e+01
3.489101e+05 3.151294e+01
3.654383e+05 3.137255e+01
3.827494e+05 3.410441e+01
4.008806e+05 3.286924e+01
4.198707e+05 3.145220e+01
4.397604e+05 3.510750e+01
4.605922e+05 3.538559e+01
4.824109e+05 3.913492e+01
5.052631e+05 3.617499e+01
5.291979e+05 3.805059e+01
5.542665e+05 3.815647e+01
5.805226e+05 4.249547e+01
6.080224e+05 4.001383e+01
6.368250e+05 4.499745e+01
6.669920e+05 4.238318e+01
6.985880e+05 4.594742e+01
7.316807e+05 4.602229e+01
7.663411e+05 4.772324e+01
8.026434e+05 4.707437e+01
8.406653e+05 4.756985e+01
8.804884e+05 5.029810e+01
9.221979e+05 5.262010e+01
9.658832e+05 5.080754e+01
1.011638e+06 5.300260e+01
1.059560e+06 5.150637e+01
1.109752e+06 5.628742e+01
1.162322e+06 5.760511e+01
1.217383e+06 5.690566e+01
1.275051e+06 5.788891e+01
1.335452e+06 5.804911e+01
1.398713e+06 5.738934e+01
1.464971e+06 5.947618e+01
1.534368e+06 6.321219e+01
1.607053e+06 6.102175e+01
1.683180e+06 6.574908e+01
1.762914e+06 6.312125e+01
1.846425e+06 6.722809e+01
1.933892e+06 6.923136e+01
2.025502e+06 6.897677e+01
2.121452e+06 7.031324e+01
2.221947e+06 6.920885e+01
2.327202e+06 6.921066e+01
2.437444e+06 7.379009e+01
2.552908e+06 7.324554e+01
2.673842e+06 7.214826e+01
2.800504e+06 7.472638e+01
2.933166e+06 7.450657e+01
3.072113e+06 7.655796e+01
3.217642e+06 7.938111e+01
3.370064e+06 8.091512e+01
3.529707e+06 7.891604e+01
3.696913e+06 7.865383e+01
3.872039e+06 7.960809e+01
4.055461e+06 8.336183e+01
4.247572e+06 8.274361e+01
4.448783e+06 8.622025e+01
4.659526e+06 8.836153e+01
4.880252e+06 8.617434e+01
5.111433e+06 8.717543e+01
5.353567e+06 8.736426e+01
5.607170e+06 8.850959e+01
5.872787e+06 9.159337e+01
6.150986e+06 9.122014e+01
6.442364e+06 9.381968e+01
6.747544e+06 9.366020e+01
7.067181e+06 9.559022e+01
7.401960e+06 9.823064e+01
7.752597e+06 9.821023e+01
8.119845e+06 9.855736e+01
8.504489e+06 9.951993e+01
8.907355e+06 1.022753e+02
9.329304e+06 1.019726e+02
9.771242e+06 1.020398e+02
1.023411e+07 1.009245e+02
1.071891e+07 1.040654e+02
1.122668e+07 1.039101e+02
1.175850e+07 1.045672e+02
1.231551e+07 1.088715e+02
1.289890e+07 1.066725e+02
1.350994e+07 1.070813e+02
1.414991e+07 1.075763e+02
1.482021e+07 1.124094e+02
1.552225e+07 1.121354e+02
1.625756e+07 1.152638e+02
1.702769e+07 1.141625e+02
1.783431e+07 1.171423e+02
1.867914e+07 1.152798e+02
1.956398e+07 1.163848e+02
2.049075e+07 1.204069e+02
2.146141e+07 1.198323e+02
2.247806e+07 1.182344e+02
2.354286e+07 1.186201e+02
2.465811e+07 1.222064e+02
2.582619e+07 1.251129e+02
2.704960e+07 1.247854e+02
2.833096e+07 1.257414e+02
2.967302e+07 1.240990e+02
3.107866e+07 1.264750e+02
3.255089e+07 1.294057e+02
3.409285e+07 1.275218e+02
3.570786e+07 1.308710e+02
3.739937e+07 1.308687e+02
3.917101e+07 1.299785e+02
4.102658e+07 1.311916e+02
4.297005e+07 1.339374e+02
4.500558e+07 1.372807e+02
4.713753e+07 1.376915e+02
4.937048e+07 1.391722e+02
5.170920e+07 1.379259e+02
5.415871e+07 1.374246e+02
5.672426e+07 1.384605e+02
5.941134e+07 1.412030e+02
6.222571e+07 1.403731e+02
6.517340e+07 1.454954e+02
6.826072e+07 1.463521e+02
7.149429e+07 1.466713e+02
7.488104e+07 1.466086e+02
7.842822e+07 1.469680e+02
8.214344e+07 1.500857e+02
8.603464e+07 1.467790e+02
9.011018e+07 1.524047e+02
9.437878e+07 1.511766e+02
9.884959e+07 1.521723e+02
1.035322e+08 1.530769e+02
1.084366e+08 1.537942e+02
1.135733e+08 1.531031e+02
1.189534e+08 1.581092e+02
1.245883e+08 1.596648e+02
1.304902e+08 1.597229e+02
1.366716e+08 1.593243e+02
1.431459e+08 1.581879e+02
1.499268e+08 1.631431e+02
1.570290e+08 1.634308e+02
1.644676e+08 1.640499e+02
1.722586e+08 1.654333e+02
1.804186e+08 1.638837e+02
1.889652e+08 1.641360e+02
1.979167e+08 1.683469e+02
2.072922e+08 1.666495e+02
2.171118e+08 1.681378e+02
2.273966e+08 1.703457e+02
2.381686e+08 1.695417e+02
2.494508e+08 1.738292e+02
2.612675e+08 1.741574e+02
2.736440e+08 1.724437e+02
2.866068e+08 1.730900e+02
3.001836e+08 1.766784e+02
3.144035e+08 1.752689e+02
3.292971e+08 1.763798e+02
3.448962e+08 1.800745e+02
3.612343e+08 1.781552e+02
3.783463e+08 1.821556e+02
3.962689e+08 1.830721e+02
4.150405e+08 1.815656e+02
4.347013e+08 1.850932e+02
4.552935e+08 1.835171e+02
4.768612e+08 1.847517e+02
4.994505e+08 1.880803e+02
5.231099e+08 1.880228e+02
5.478901e+08 1.881625e+02
5.738442e+08 1.882705e+02
6.010277e+08 1.914287e+02
6.294989e+08 1.917468e+02
6.593188e+08 1.946418e+02
6.905514e+08 1.927412e+02
7.232634e+08 1.933450e+02
7.575250e+08 1.988203e+02
7.934097e+08 1.999330e+02
8.309942e+08 1.996966e+02
8.703591e+08 1.997920e+02
9.115888e+08 2.011505e+02
9.547716e+08 2.009079e+02
1.000000e+09 2.032316e+02
